New coordinate frame: [[ 0.0715946   0.99736657 -0.0115817 ]
 [-0.02110858  0.01312394  0.99969105]
 [-0.99721043  0.07132801 -0.02199259]]

 New coordinate frame: [[ 0.07880442  0.99683291  0.01067802]
 [ 0.05473468  0.00636863 -0.99848062]
 [-0.99538635  0.07926914 -0.05405945]]

New coordinate frame: [[ 0.06487584  0.99776345  0.01610054]
 [-0.9977801   0.06461697  0.01610972]
 [ 0.01503332 -0.01710993  0.99974059]]

 TCP Pose: [-0.0519444   0.77708371  0.31345849 -1.5951731  -0.06559776 -0.04630604]